37 20 40
32 20 30
36 20 30
37 20 40
30 5 30
37 35 50
-101 -685 50
38 20 40
29 -10 40
29 5 10
34 -25 40
-101 -685 50
36 20 40
34 20 30
36 20 30
36 5 40
28 5 40
28 -10 20
38 35 50
34 5 40
37 20 40
34 20 20
28 5 0
30 5 30
-101 -685 50
34 5 40
36 20 40
36 20 40
34 20 20
34 5 40
33 5 40
36 20 40
-101 -655 40
33 20 50
32 35 40
30 5 10
34 20 30
36 20 50
33 35 20
30 35 0
26 5 30
35 5 40
-101 -670 50
33 35 40
32 5 20
35 20 40
-101 -670 50
30 20 30
38 20 40
38 20 40
30 5 40
29 -40 40
37 20 40
36 20 40
36 20 40
29 20 30
35 20 40
30 -10 30
-101 -655 40
37 20 40
38 5 40
36 5 40
35 5 40
32 35 10
32 20 30
32 20 50
36 20 40
33 20 20
36 5 40
34 20 40
36 35 50
38 20 40
36 20 40
-101 -685 50
33 35 30
26 -25 30
34 20 30
34 20 40
36 5 40
-101 -685 50
36 20 40
36 20 40
31 5 40
38 20 40
34 20 40
40 20 40
28 20 40
35 5 40
34 20 40
38 20 40
34 35 40
-101 -655 50
34 5 40
34 20 50
32 20 30
29 -25 30
36 20 40
-101 -655 40
32 20 40
36 20 30
