28 35 40
29 35 50
36 35 40
34 20 20
32 50 50
35 20 40
34 20 40
35 35 30
31 35 40
30 35 20
35 20 30
32 20 40
36 35 40
37 35 40
36 35 40
32 35 40
29 35 20
33 35 50
34 35 50
38 35 40
36 35 40
33 35 40
32 35 40
31 35 40
38 35 40
38 35 40
35 35 40
34 35 50
35 35 40
36 35 40
32 35 50
38 20 40
35 35 40
36 35 30
24 35 10
34 35 40
34 50 50
36 35 40
32 35 40
36 35 40
36 35 30
36 35 30
34 35 30
31 35 40
32 50 50
34 35 40
31 35 40
34 20 30
36 35 40
26 35 40
38 35 40
35 35 40
36 50 50
32 35 40
34 35 40
35 50 50
32 20 30
37 35 40
38 35 40
34 35 20
38 35 40
36 35 40
37 35 40
29 35 40
35 35 40
32 35 40
24 -10 40
32 35 40
32 20 40
36 20 40
34 35 40
36 35 40
34 35 50
35 35 40
32 35 40
34 35 30
34 35 40
31 35 40
37 35 40
35 35 40
30 35 40
36 35 40
34 20 40
36 35 40
34 20 40
38 35 40
38 35 40
38 20 40
36 5 40
37 35 40
34 35 40
36 35 40
32 35 40
25 50 50
37 35 40
32 35 50
34 35 30
38 35 40
30 35 40
36 20 40
