30 50 50
33 50 50
29 50 50
30 50 50
34 50 50
33 50 50
32 50 50
30 50 50
30 50 50
29 50 50
32 50 50
27 50 50
25 50 40
29 50 40
35 50 50
32 50 50
27 50 50
31 50 50
35 50 50
33 50 50
36 50 50
31 50 50
36 50 50
31 50 50
34 50 40
33 50 50
35 50 50
33 50 50
35 50 50
29 50 50
34 50 50
32 50 50
31 50 50
35 50 40
34 50 50
36 50 50
31 50 50
34 50 50
34 50 50
33 50 50
34 50 50
28 50 50
34 50 50
28 50 50
31 50 50
36 50 50
30 50 50
38 50 40
29 50 50
37 50 40
29 50 50
28 50 50
24 50 50
34 50 40
35 50 50
34 50 50
34 50 50
29 50 50
32 50 50
33 50 50
33 50 50
34 50 50
32 50 50
34 50 50
31 50 50
32 50 50
32 50 50
33 50 50
33 50 50
33 50 50
34 50 50
33 50 50
29 50 50
34 50 50
31 50 50
31 50 50
32 50 50
29 50 50
29 50 50
34 50 50
35 50 50
31 50 50
32 50 50
34 50 50
34 50 50
30 50 50
29 50 50
29 50 50
33 50 50
32 50 50
35 50 50
33 50 50
33 50 50
34 50 50
32 50 50
35 50 50
33 50 50
33 50 50
31 50 50
32 50 50
