38 -55 40
39 -25 40
40 -25 40
38 -40 40
38 -25 40
40 -25 40
38 -40 40
40 -25 40
38 -55 40
40 -25 40
39 -40 40
40 -25 40
39 -25 40
34 -70 40
40 -25 40
40 -25 40
39 -25 40
38 -25 40
37 -55 30
37 -70 40
40 -25 40
36 -55 40
39 -25 30
37 -55 40
32 -70 30
38 -40 40
40 -25 40
40 -25 50
40 -25 50
34 -40 40
40 -25 40
38 -40 40
40 -25 40
40 -25 40
36 -85 40
38 -55 40
34 -25 20
40 -25 40
36 -55 40
38 -25 30
40 -25 40
37 -40 40
35 -25 40
40 -25 40
37 -25 30
40 -25 50
38 -25 40
39 -25 40
38 -55 40
40 -25 50
34 -100 50
38 -40 40
40 -25 40
38 -25 30
40 -25 50
39 -25 40
40 -25 40
37 -55 40
38 -25 40
38 -25 30
40 -25 40
38 -25 40
34 -85 20
38 -25 30
39 -25 50
36 -55 30
40 -25 40
39 -25 40
40 -25 40
38 -40 40
34 -25 40
36 -85 40
40 -25 40
40 -25 40
39 -40 40
39 -25 40
36 -70 50
40 -25 40
39 -25 40
38 -25 30
35 -40 40
40 -25 40
40 -25 40
37 -40 40
39 -40 40
38 -55 40
40 -25 40
40 -25 40
34 -115 40
38 -40 30
40 -25 40
37 -25 40
40 -25 40
37 -10 30
35 -40 40
40 -25 40
40 -25 40
40 -25 40
40 -25 40
37 -40 40
