38 5 40
29 -25 40
40 20 40
36 -10 40
33 20 20
37 20 40
34 20 20
40 5 50
34 35 30
30 -10 20
38 20 30
38 20 40
36 -10 50
35 5 40
38 20 40
40 5 50
28 -10 10
39 5 50
30 35 10
40 20 40
34 20 10
40 -10 50
28 -10 10
38 20 40
34 20 30
36 -10 40
34 5 20
40 20 40
38 -10 40
38 5 40
36 5 30
34 35 30
38 20 40
34 35 30
38 20 30
40 20 40
36 20 30
37 5 50
39 20 40
40 20 40
38 20 40
38 20 40
33 -10 40
40 5 50
26 -10 10
35 5 40
38 5 40
35 35 40
38 20 40
34 5 40
38 20 30
38 20 40
38 5 40
36 20 40
39 20 40
38 20 40
37 20 40
40 20 40
34 20 20
32 20 20
34 20 40
40 20 40
36 5 40
40 20 40
40 20 40
38 -10 50
38 20 40
40 20 40
36 -10 40
38 5 40
38 20 30
40 20 40
36 20 40
38 5 40
40 20 40
32 5 40
40 35 40
38 20 40
37 20 30
36 -10 40
39 20 40
38 20 40
38 20 30
36 5 30
32 20 40
38 35 40
37 5 40
36 -10 40
37 20 40
31 35 40
35 -25 50
40 5 50
40 20 40
38 20 40
37 5 40
38 5 40
38 20 30
37 20 40
40 5 50
38 5 40
