33 50 50
34 50 45
33 50 50
36 40 50
32 50 40
34 50 50
36 50 50
34 50 50
32 50 50
34 50 50
30 50 30
37 40 50
36 40 50
34 50 50
38 50 45
36 50 45
33 50 50
34 50 50
27 50 50
32 50 50
32 50 35
35 50 50
34 50 45
36 50 40
35 50 50
24 50 45
35 50 50
33 50 50
34 50 50
33 50 50
29 50 45
35 50 50
33 50 50
28 50 40
35 50 50
29 50 40
35 50 50
33 50 50
36 50 50
34 50 50
32 50 50
35 40 50
27 50 50
35 50 50
32 50 50
31 50 50
36 50 45
33 50 50
35 40 50
32 50 50
32 50 50
37 50 45
25 50 50
35 50 50
32 50 50
35 50 50
32 50 40
36 50 45
36 50 50
35 50 45
35 50 50
29 50 40
33 50 50
31 50 50
31 50 50
35 50 50
38 40 50
33 50 50
32 50 50
35 50 50
35 50 50
36 50 45
31 50 45
33 50 50
33 50 50
28 50 50
33 50 50
35 50 50
33 50 50
35 50 50
34 50 40
34 50 45
35 50 45
28 50 50
32 50 50
35 50 50
36 50 45
33 50 50
35 50 45
32 50 50
34 50 50
33 50 50
33 50 40
38 50 45
29 50 45
32 50 50
34 50 50
34 50 50
32 50 45
33 50 40
