38 40 45
33 40 45
34 40 40
33 40 45
28 35 45
37 40 45
-101 -195 50
34 35 45
32 40 45
30 30 40
29 40 35
30 25 40
24 40 30
28 40 35
32 40 40
24 30 40
28 40 25
-101 -195 50
38 40 50
34 40 45
30 35 45
31 40 50
38 40 40
38 40 45
35 40 50
38 40 45
38 40 45
25 15 45
36 35 45
34 45 45
33 40 45
-101 -190 50
36 40 45
35 40 45
32 40 35
34 40 45
38 40 45
34 45 40
29 30 35
38 40 45
30 45 45
32 35 40
38 40 45
33 35 40
35 40 40
40 40 45
34 45 50
30 25 40
36 40 40
35 40 45
26 20 40
28 40 50
33 45 45
29 35 30
34 40 45
34 35 50
32 35 50
33 40 45
39 40 45
32 35 40
25 35 40
37 40 45
34 35 45
35 40 40
38 40 40
37 40 45
25 30 40
38 40 45
38 40 45
31 40 45
26 25 35
34 40 45
34 45 45
38 45 45
36 40 45
38 40 45
29 40 35
37 40 45
37 40 45
36 40 45
38 40 45
-101 -195 50
23 15 40
28 30 30
36 35 45
26 35 15
-101 -195 50
38 45 45
37 40 45
-101 -195 50
34 35 45
32 30 45
37 40 45
36 40 45
34 35 40
36 35 45
-101 -195 50
34 40 45
38 40 45
38 40 45
