36 45 45
37 40 45
34 45 45
34 45 45
36 45 45
34 45 45
38 45 45
38 45 45
37 45 45
38 45 45
36 45 40
33 45 45
35 45 45
36 45 45
34 45 30
34 45 45
35 40 45
36 45 45
30 45 45
38 45 40
36 45 40
33 45 50
36 45 45
34 40 45
38 45 45
35 45 45
38 45 45
36 45 45
37 45 45
34 45 35
38 45 45
35 45 45
38 45 45
35 45 50
37 45 45
34 45 50
36 45 45
31 45 45
31 45 45
36 45 45
33 40 40
34 50 50
29 35 45
32 40 45
35 40 45
32 45 35
28 30 50
30 45 45
33 45 45
31 45 50
34 45 50
34 45 45
36 45 45
36 45 45
36 40 45
31 50 50
36 45 45
33 45 45
38 45 45
28 50 50
35 45 45
36 35 45
32 30 45
36 45 45
32 45 50
27 45 40
38 45 45
35 45 45
36 45 45
36 45 45
31 50 50
36 45 45
33 50 50
38 45 45
38 45 45
35 45 45
36 45 40
36 45 40
38 45 45
33 45 45
33 45 50
31 45 45
33 50 50
33 45 45
32 45 45
34 45 45
30 45 45
36 40 45
34 40 45
34 50 50
34 45 50
37 45 45
38 45 45
36 45 50
31 50 50
38 45 45
35 45 45
35 50 50
34 45 50
33 45 45
