34 50 50
38 50 45
34 50 50
36 35 50
29 50 45
36 50 50
38 40 50
36 50 50
34 50 50
34 50 45
28 50 50
34 40 50
33 50 50
38 50 45
34 50 50
34 50 50
35 50 50
36 50 50
31 50 40
36 50 50
35 50 50
34 50 50
33 50 50
26 50 50
34 50 50
31 45 50
32 50 50
38 45 40
37 50 50
34 50 50
36 50 40
38 50 45
37 50 45
36 50 50
34 45 50
31 50 45
28 50 50
37 50 45
33 50 50
33 50 50
38 50 45
33 50 50
34 50 50
28 50 45
35 50 50
36 50 45
32 50 50
38 40 50
40 40 50
28 50 50
38 50 45
34 50 45
35 50 50
38 50 45
28 50 50
34 50 45
34 40 50
37 50 45
35 50 50
36 50 50
38 40 50
34 50 50
33 50 50
33 50 50
36 40 50
36 50 50
31 50 40
31 50 45
27 50 50
36 50 50
34 50 40
36 50 45
34 50 50
32 50 50
34 50 50
33 50 50
36 40 50
31 50 50
34 50 45
30 50 30
36 50 50
31 50 50
38 50 45
32 50 40
35 50 50
38 50 45
35 50 50
34 50 50
27 50 50
34 50 50
31 50 45
36 50 45
34 50 50
35 50 50
36 50 40
38 45 45
34 50 50
33 50 50
29 40 45
31 50 40
