32 50 50
27 50 50
32 50 45
35 50 40
33 50 50
35 50 45
36 50 50
36 50 50
37 50 45
36 40 45
35 50 50
33 50 50
36 50 50
36 50 50
36 50 45
36 50 50
34 50 50
33 50 50
38 35 50
33 50 50
36 50 50
33 50 50
36 50 50
35 50 50
35 50 45
30 50 50
31 50 50
32 50 50
28 50 50
36 50 45
33 50 50
35 50 50
32 50 50
35 50 50
32 50 50
35 50 50
38 40 50
38 40 50
28 50 45
36 50 50
35 50 50
32 50 50
32 50 50
32 50 40
34 50 50
33 50 50
34 50 50
30 50 50
33 50 50
33 50 50
34 50 50
34 50 50
29 50 45
34 50 50
33 50 50
27 50 40
34 50 50
32 50 50
35 50 50
34 40 50
33 50 50
36 50 45
36 50 50
34 45 50
36 50 50
35 50 45
26 50 50
29 50 45
35 50 50
16 50 15
36 50 50
33 50 40
26 50 50
35 50 50
30 50 50
32 50 40
35 50 50
32 50 50
31 50 50
36 50 45
32 50 50
25 50 45
31 50 50
31 50 45
35 50 45
24 50 50
35 50 50
38 50 45
36 50 45
34 50 50
36 40 50
30 50 50
26 35 50
34 50 50
33 50 50
34 50 40
34 50 50
32 50 45
34 50 50
33 50 50
