40 40 45
40 40 45
39 40 45
38 35 45
38 40 45
39 35 45
38 35 45
34 30 40
31 25 50
36 35 45
34 35 40
36 35 40
34 35 45
38 40 45
28 20 50
38 35 45
33 35 45
30 25 40
36 35 45
30 45 40
40 40 45
36 40 35
38 40 40
38 35 45
36 40 40
36 30 50
38 40 40
40 40 45
37 40 45
34 35 45
38 40 40
30 25 35
40 35 50
38 35 45
33 35 45
38 40 45
38 40 45
38 40 40
38 40 45
30 20 35
36 35 45
40 30 50
34 30 40
36 45 45
40 40 45
36 45 45
40 30 50
35 30 50
38 40 40
39 40 45
40 40 45
36 40 45
36 40 45
30 35 30
38 40 45
40 40 45
36 35 45
28 35 40
40 40 45
38 40 40
34 30 45
30 30 40
38 40 40
38 35 45
38 35 45
34 35 40
37 45 45
38 35 45
40 40 45
37 40 45
35 40 45
40 45 45
34 40 45
36 30 45
40 40 45
40 40 45
36 35 45
38 40 40
40 40 45
38 35 45
34 30 45
40 40 45
38 45 45
38 40 45
40 40 45
36 35 45
39 40 45
34 35 45
40 40 45
36 30 45
36 35 45
38 35 45
40 40 45
36 35 40
38 35 45
39 40 45
38 30 50
40 40 45
40 35 50
40 40 45
