40 25 45
38 15 45
40 25 45
40 25 45
39 25 40
38 25 45
40 25 45
35 25 35
40 25 45
34 15 40
38 15 45
38 25 45
33 20 45
40 25 45
38 15 45
40 25 45
40 25 45
39 25 40
35 15 35
40 25 45
35 15 45
37 15 45
39 25 45
40 25 45
40 25 50
36 25 35
39 25 45
37 25 40
40 25 45
40 25 45
35 5 45
40 25 45
38 25 40
38 15 45
39 20 45
38 20 45
34 15 40
39 20 45
38 25 40
37 10 45
36 20 45
35 20 50
38 25 40
38 25 50
38 20 45
36 15 45
37 15 40
37 25 45
40 25 45
36 25 45
38 15 45
40 25 45
38 20 45
40 25 50
40 25 45
40 25 45
40 25 45
38 25 45
40 25 45
35 20 35
40 25 45
34 5 40
36 5 45
39 25 50
38 25 40
34 10 35
40 25 45
40 25 45
38 25 50
40 25 45
40 25 45
35 10 45
39 25 40
39 25 45
37 20 45
38 15 45
38 25 40
38 25 45
40 25 45
38 25 45
32 10 40
38 15 45
40 25 45
36 5 45
39 25 45
39 20 45
40 25 45
40 25 45
38 15 45
40 25 45
38 25 40
40 25 45
40 25 45
40 25 45
35 20 35
40 25 50
37 25 35
37 20 45
40 25 45
39 20 50
